a = 0.19554
b = 0.032753
c = 86.7962
